 202131tiange                      202131tiange              202131tiange            
         84          8  0.3600000E+004  3600     1 FileFmtVersion:    1050624
     4.6800000000E+004          46800
         1    -4.4954081713E-001
         2    -4.4615061671E-001
         3    -2.8199920022E-001
         4    -1.6182405879E-003
         5    -1.4856453655E-001
         6     1.1450405022E-001
         7     4.6226596127E-001
         8     3.0183964425E-001
     5.0400000000E+004          50400
         1    -2.1946647467E-001
         2    -2.5939973431E-001
         3    -3.7951367980E-001
         4    -1.6204719281E-001
         5    -3.0357861654E-001
         6    -2.1316423626E-001
         7     2.8451177559E-001
         8     4.9374520898E-001
     5.4000000000E+004          54000
         1     1.6771674379E-001
         2     7.8238951401E-002
         3    -1.7609425598E-001
         4    -2.9598386194E-001
         5    -3.0273936894E-001
         6    -4.5565955252E-001
         7    -1.2156772143E-001
         8     1.9447786829E-001
     5.7600000000E+004          57600
         1     6.0826748858E-001
         2     5.1141655750E-001
         3     1.4156816259E-001
         4    -3.0562170623E-001
         5    -1.0877053645E-001
         6    -5.9532182197E-001
         7    -4.4266514966E-001
         8    -1.6102338999E-001
     6.1200000000E+004          61200
         1     9.3075507024E-001
         2     8.5201550217E-001
         3     5.1632660658E-001
         4    -1.0182983948E-001
         5     2.1427453998E-001
         6    -9.5762342169E-002
         7    -6.5054396401E-001
         8    -4.3788557093E-001
     6.4800000000E+004          64800
         1     1.0256583757E+000
         2     9.9474972536E-001
         3     8.1692160810E-001
         4     1.6360748282E-001
         5     5.7928286555E-001
         6     4.3189668861E-001
         7    -2.2193944102E-001
         8    -6.3683940469E-001
     6.8400000000E+004          68400
         1     8.9016078749E-001
         2     8.9935684492E-001
         3     8.9570346066E-001
         4     4.8792727651E-001
         5     8.3358524233E-001
         6     9.0746361764E-001
         7     3.7052013155E-001
         8    -1.4727830057E-001
     7.2000000000E+004          72000
         1     6.5775625055E-001
         2     6.7733667183E-001
         3     8.1363180540E-001
         4     7.5802371155E-001
         5     8.6283828244E-001
         6     1.2062377614E+000
         7     8.5948272729E-001
         8     4.5901909183E-001
     7.5600000000E+004          75600
         1     4.2678914874E-001
         2     4.4674006659E-001
         3     6.1863304291E-001
         4     8.5342747049E-001
         5     7.1093215782E-001
         6     1.1549657961E+000
         7     1.2171378386E+000
         8     9.6122794864E-001
     7.9200000000E+004          79200
         1     1.7221178280E-001
         2     2.0882476231E-001
         3     4.1064214258E-001
         4     6.9444292743E-001
         5     5.2296945219E-001
         6     7.6894648973E-001
         7     1.2874356104E+000
         8     1.2864944941E+000
     8.2800000000E+004          82800
         1    -1.2045640819E-001
         2    -5.8837413599E-002
         3     1.9126687296E-001
         4     4.9616922200E-001
         5     3.2598372006E-001
         6     4.5452102521E-001
         7     9.2906606934E-001
         8     1.2329807856E+000
     8.6400000000E+004          86400
         1    -4.1230429346E-001
         2    -3.2373049097E-001
         3    -3.0263523547E-002
         4     3.0470416327E-001
         5     1.2534361134E-001
         6     1.7051709550E-001
         7     5.2860216288E-001
         8     8.0803911137E-001
     9.0000000000E+004          90000
         1    -6.6521861701E-001
         2    -5.5219878887E-001
         3    -2.3363754828E-001
         4     1.3772066706E-001
         5    -6.7749755132E-002
         6    -9.9631464362E-002
         7     1.9358197054E-001
         8     4.5266102817E-001
     9.3600000000E+004          93600
         1    -8.2644601345E-001
         2    -7.1508194421E-001
         3    -4.1220079624E-001
         4    -1.0522630114E-002
         5    -2.4469949238E-001
         6    -3.4891197885E-001
         7    -1.0016514645E-001
         8     1.4828439042E-001
     9.7200000000E+004          97200
         1    -7.9881945501E-001
         2    -7.6146033380E-001
         3    -5.6019502256E-001
         4    -1.4403404277E-001
         5    -4.0053795431E-001
         6    -5.8039201589E-001
         7    -3.7043274186E-001
         8    -1.2441384099E-001
     1.0080000000E+005         100800
         1    -5.7463313235E-001
         2    -5.8213865847E-001
         3    -6.5834405706E-001
         4    -2.6584354454E-001
         5    -5.3024108318E-001
         6    -7.8648775120E-001
         7    -6.2267572422E-001
         8    -3.7373170953E-001
     1.0440000000E+005         104400
         1    -2.6632041092E-001
         2    -3.0471866692E-001
         3    -5.3846487575E-001
         4    -9.9999000000E+004
         5    -5.9743913557E-001
         6    -9.4093344795E-001
         7    -8.5490272589E-001
         8    -6.0530844704E-001
     1.0800000000E+005         108000
         1     5.3244000130E-003
         2    -3.8662511910E-002
         3    -3.1811696736E-001
         4    -9.9999000000E+004
         5    -4.5373109418E-001
         6    -8.8761582015E-001
         7    -1.0390095173E+000
         8    -8.2113867609E-001
     1.1160000000E+005         111600
         1     1.8851729453E-001
         2     1.5975949064E-001
         3    -6.3284213153E-002
         4    -9.9999000000E+004
         5    -2.4314975109E-001
         6    -4.5026915933E-001
         7    -1.0121422286E+000
         8    -1.0011098756E+000
     1.1520000000E+005         115200
         1     1.9654963929E-001
         2     2.0402064195E-001
         3     1.2772282037E-001
         4    -1.8211964101E-001
         5    -1.0830606645E-003
         6    -9.5773226122E-002
         7    -5.1061370845E-001
         8    -9.5837171589E-001
     1.1880000000E+005         118800
         1     4.7141151768E-002
         2     6.9727456544E-002
         3     1.3123551009E-001
         4     2.3881019757E-002
         5     1.5735385167E-001
         6     2.2178466859E-001
         7    -9.7150663506E-002
         8    -4.5431711712E-001
     1.2240000000E+005         122400
         1    -1.1622406579E-001
         2    -9.8330264885E-002
         3     3.9398209658E-002
         4     1.7565860067E-001
         5     1.2018857249E-001
         6     3.9297742909E-001
         7     2.4668186959E-001
         8    -3.9157487933E-002
     1.2600000000E+005         126000
         1    -2.6326643630E-001
         2    -2.4090113065E-001
         3    -8.1377259906E-002
         4     1.6229557853E-001
         5     9.5122316448E-003
         6     2.8265283507E-001
         7     4.6210935161E-001
         8     3.1211392933E-001
     1.2960000000E+005         129600
         1    -3.5613537806E-001
         2    -3.3657821891E-001
         3    -2.2119901602E-001
         4     1.1301518375E-002
         5    -1.2572747074E-001
         6     3.0679421276E-003
         7     4.2938969716E-001
         8     5.0572064555E-001
     1.3320000000E+005         133200
         1    -3.8304203281E-001
         2    -3.8107124939E-001
         3    -3.2750449874E-001
         4    -1.2635529437E-001
         5    -2.5245383758E-001
         6    -2.2161654684E-001
         7     1.1025105228E-001
         8     3.7408123070E-001
     1.3680000000E+005         136800
         1    -2.8389447341E-001
         2    -3.0426780225E-001
         3    -3.7064273590E-001
         4    -2.3911761719E-001
         5    -3.4150035057E-001
         6    -4.1355534106E-001
         7    -1.9362896327E-001
         8     4.5950609900E-002
     1.4040000000E+005         140400
         1    -7.4157392299E-002
         2    -1.1090022900E-001
         3    -2.6767758647E-001
         4    -3.1870171547E-001
         5    -3.4195473345E-001
         6    -5.5200469053E-001
         7    -4.3879746910E-001
         8    -2.2389626872E-001
     1.4400000000E+005         144000
         1     2.0402523101E-001
         2     1.4669936049E-001
         3    -8.8166262859E-002
         4    -9.9999000000E+004
         5    -2.1518701134E-001
         6    -5.3392860177E-001
         7    -6.1583677978E-001
         8    -4.4901755811E-001
     1.4760000000E+005         147600
         1     5.1632009233E-001
         2     4.4197603156E-001
         3     1.6446435106E-001
         4    -2.1905831792E-001
         5    -2.6061355052E-002
         6    -1.9728903716E-001
         7    -6.5075270288E-001
         8    -6.2280317753E-001
     1.5120000000E+005         151200
         1     8.0556195104E-001
         2     7.3502858677E-001
         3     4.7644298085E-001
         4    -3.8864835350E-002
         5     2.4709558904E-001
         6     1.4911024870E-001
         7    -2.9652780995E-001
         8    -6.4381778552E-001
     1.5480000000E+005         154800
         1     9.6084403584E-001
         2     9.1925129833E-001
         3     7.5448704328E-001
         4     2.0274287430E-001
         5     5.5328741631E-001
         6     5.2394090464E-001
         7     1.1671446577E-001
         8    -2.2721381365E-001
     1.5840000000E+005         158400
         1     9.2652396656E-001
         2     9.2493064304E-001
         3     8.9095739376E-001
         4     4.6883700777E-001
         5     7.9444449540E-001
         6     8.8418436501E-001
         7     5.2288006068E-001
         8     2.0254830583E-001
     1.6200000000E+005         162000
         1     7.1159324723E-001
         2     7.3799202565E-001
         3     8.4470225266E-001
         4     7.1062471093E-001
         5     8.6956174482E-001
         6     1.1472297540E+000
         7     9.0128770512E-001
         8     6.2162263877E-001
     1.6560000000E+005         165600
         1     4.0852412739E-001
         2     4.4519857163E-001
         3     6.4036526618E-001
         4     8.3657665690E-001
         5     7.4163062362E-001
         6     1.1972065578E+000
         7     1.1982284429E+000
         8     1.0049066867E+000
     1.6920000000E+005         169200
         1     7.2443995811E-002
         2     1.2967594074E-001
         3     3.9487449004E-001
         4     7.2102337116E-001
         5     5.3769608738E-001
         6     8.9531770389E-001
         7     1.3139007258E+000
         8     1.2845788125E+000
     1.7280000000E+005         172800
         1    -2.8166032201E-001
         2    -1.8857779866E-001
         3     1.4862424048E-001
         4     5.1454227560E-001
         5     3.1506345068E-001
         6     5.2027961797E-001
         7     1.0588327541E+000
         8     1.3129911409E+000
     1.7640000000E+005         176400
         1    -5.8318465801E-001
         2    -4.6682340223E-001
         3    -9.4290783367E-002
         4     3.0315383486E-001
         5     8.9213478889E-002
         6     1.8654326648E-001
         7     6.3021303779E-001
         8     9.3556408492E-001
     1.8000000000E+005         180000
         1    -7.5813861451E-001
         2    -6.5010043967E-001
         3    -3.0479564317E-001
         4     1.1606218947E-001
         5    -1.2051576721E-001
         6    -1.2917213534E-001
         7     2.4641913377E-001
         8     5.4347568842E-001
     1.8360000000E+005         183600
         1    -7.6119930696E-001
         2    -7.1139183054E-001
         3    -4.7538584382E-001
         4    -4.1365988765E-002
         5    -3.0281189169E-001
         6    -4.1229721287E-001
         7    -9.5448060059E-002
         8     2.0250845205E-001
     1.8720000000E+005         187200
         1    -5.7250148702E-001
         2    -5.7626560094E-001
         3    -5.9540185631E-001
         4    -1.7823248972E-001
         5    -4.5322518492E-001
         6    -6.5320018967E-001
         7    -4.0698955058E-001
         8    -1.0599833695E-001
     1.9080000000E+005         190800
         1    -3.1924881437E-001
         2    -3.4439981169E-001
         3    -5.2127228468E-001
         4    -2.9960320672E-001
         5    -5.5218421200E-001
         6    -8.3913711770E-001
         7    -6.8197128896E-001
         8    -3.8669312562E-001
     1.9440000000E+005         194400
         1    -9.4376223775E-002
         2    -1.2862559090E-001
         3    -3.4727405827E-001
         4    -9.9999000000E+004
         5    -4.4861410812E-001
         6    -8.6588658428E-001
         7    -9.0120247242E-001
         8    -6.3770476326E-001
     1.9800000000E+005         198000
         1     1.0252548926E-001
         2     6.8944320206E-002
         3    -1.3867605935E-001
         4    -9.9999000000E+004
         5    -2.7585128361E-001
         6    -4.8584269901E-001
         7    -9.7404137997E-001
         8    -8.5122198802E-001
     2.0160000000E+005         201600
         1     2.2940338314E-001
         2     2.1210232508E-001
         3     6.4915734132E-002
         4    -2.0923113812E-001
         5    -6.8974532514E-002
         6    -1.7364761204E-001
         7    -5.7555715074E-001
         8    -9.4690138158E-001
     2.0520000000E+005         205200
         1     2.1068916584E-001
         2     2.1651931065E-001
         3     1.9353050135E-001
         4    -2.7996153881E-002
         5     1.2752943172E-001
         6     1.1921685170E-001
         7    -1.8517852546E-001
         8    -5.1156213296E-001
     2.0880000000E+005         208800
         1     7.9922785624E-002
         2     9.4623696819E-002
         3     1.7381895383E-001
         4     1.4085445101E-001
         5     2.1105494662E-001
         6     3.4939037208E-001
         7     1.3954611735E-001
         8    -1.1724393397E-001
     2.1240000000E+005         212400
         1    -9.5328860995E-002
         2    -7.9006627460E-002
         3     6.9112709203E-002
         4     2.2674828081E-001
         5     1.4827290197E-001
         6     4.2510566167E-001
         7     3.9989951377E-001
         8     2.1715254396E-001
     2.1600000000E+005         216000
         1    -2.6936511957E-001
         2    -2.4482619624E-001
         3    -7.6776503739E-002
         4     1.6160100779E-001
         5     2.2620299057E-002
         6     2.3765219727E-001
         7     5.1923219241E-001
         8     4.7222622960E-001
     2.1960000000E+005         219600
         1    -4.1154370009E-001
         2    -3.8711631365E-001
         3    -2.3379395341E-001
         4     1.3936501370E-002
         5    -1.2708535266E-001
         6    -2.6973265942E-002
         7     3.6713631548E-001
         8     5.4827891618E-001
     2.2320000000E+005         223200
         1    -4.7233681996E-001
         2    -4.7278630182E-001
         3    -3.6862789737E-001
         4    -1.2457272665E-001
         5    -2.6704976416E-001
         6    -2.5895345713E-001
         7     3.9133638730E-002
         8     3.0144281908E-001
     2.2680000000E+005         226800
         1    -2.4143804914E-001
         2    -3.0804630851E-001
         3    -4.6089714807E-001
         4    -2.4787769078E-001
         5    -3.8760430006E-001
         6    -4.6999301452E-001
         7    -2.6003722781E-001
         8    -5.1592309271E-003
     2.3040000000E+005         230400
         1     1.3085235629E-001
         2     2.4034946487E-002
         3    -2.8614232982E-001
         4    -9.9999000000E+004
         5    -4.4128819978E-001
         6    -6.3692471329E-001
         7    -5.1578341324E-001
         8    -2.6816929584E-001
     2.3400000000E+005         234000
         1     5.6895349323E-001
         2     4.2601580626E-001
         3     7.9423482527E-003
         4    -9.9999000000E+004
         5    -2.3192747002E-001
         6    -5.7994014198E-001
         7    -7.2257683294E-001
         8    -4.9804947797E-001
     2.3760000000E+005         237600
         1     9.8057086692E-001
         2     8.1768667745E-001
         3     3.9275110770E-001
         4    -2.7236716866E-001
         5     6.1191372518E-002
         6    -7.1115801874E-002
         7    -7.5706823997E-001
         8    -6.8935973945E-001
     2.4120000000E+005         241200
         1     1.2506043845E+000
         2     1.0798186399E+000
         3     7.7713377225E-001
         4    -4.7622022010E-002
         5     4.4379291244E-001
         6     3.9385475256E-001
         7    -2.1018665492E-001
         8    -6.7003538375E-001
     2.4480000000E+005         244800
         1     1.3733829171E+000
         2     1.1182151300E+000
         3     9.5502002565E-001
         4     2.4753711845E-001
         5     7.4450496738E-001
         6     9.0545404261E-001
         7     2.9664619841E-001
         8    -7.8484611453E-002
     2.4840000000E+005         248400
         1     1.3725380113E+000
         2     8.1964490360E-001
         3     8.9657076881E-001
         4     4.8276273674E-001
         5     7.0128398536E-001
         6     1.3834155468E+000
         7     8.0282736517E-001
         8     4.8300372226E-001
     2.5200000000E+005         252000
         1     1.6708039672E+000
         2     1.5811250292E+000
         3     2.4783741114E-001
         4     3.5190558333E-001
         5     3.2923862555E-001
         6     1.7989461414E+000
         7     1.2994853919E+000
         8     1.0737263177E+000
     2.5560000000E+005         255600
         1     1.7397372404E+000
         2     1.8654932917E+000
         3     5.7246180600E-001
         4     1.5043651882E-001
         5     1.2870411202E-001
         6     2.3371684310E+000
         7     1.7932559146E+000
         8     1.6504620353E+000
     2.5920000000E+005         259200
         1     8.4534536624E-001
         2     1.1238661452E+000
         3     1.3156851074E+000
         4     1.7962513029E-001
         5     1.1549470538E+000
         6     2.7936534696E+000
         7     2.3976871890E+000
         8     2.2094573819E+000
     2.6280000000E+005         262800
         1     3.2078263769E-001
         2     5.2656708921E-001
         3     1.0652310698E+000
         4     6.5415186112E-001
         5     1.3869018044E+000
         6     2.3853896301E+000
         7     2.9399194653E+000
         8     2.8521498132E+000
     2.6640000000E+005         266400
         1     2.1400920458E-003
         2     1.6667066302E-001
         3     7.4508523313E-001
         4     1.1299366767E+000
         5     1.0129121526E+000
         6     1.6672650851E+000
         7     2.8420010234E+000
         8     3.2015822044E+000
     2.7000000000E+005         270000
         1    -3.7131663410E-001
         2    -2.0177656368E-001
         3     4.3751403170E-001
         4     1.2489532995E+000
         5     6.7893225275E-001
         6     1.1277605636E+000
         7     2.1449175725E+000
         8     2.7037637190E+000
     2.7360000000E+005         273600
         1    -5.8728233413E-001
         2    -4.5972735450E-001
         3     1.1563221429E-001
         4     8.7716924651E-001
         5     3.7525326314E-001
         6     6.2727638105E-001
         7     1.5096012720E+000
         8     2.0142558604E+000
     2.7720000000E+005         277200
         1    -5.2417509907E-001
         2    -4.8220489547E-001
         3    -1.2225815231E-001
         4     5.8980334475E-001
         5     1.1432989037E-001
         6     1.9860516989E-001
         7     9.5364099535E-001
         8     1.4280232391E+000
     2.8080000000E+005         280800
         1    -2.4940352786E-001
         2    -2.4986589172E-001
         3    -2.6259057912E-001
         4     3.5904514251E-001
         5    -9.4804748505E-002
         6    -1.5297846767E-001
         7     4.5851916052E-001
         8     9.1777288345E-001
     2.8440000000E+005         284400
         1     5.2134428589E-002
         2     3.9356487709E-002
         3    -9.8521685021E-002
         4     2.0936134156E-001
         5    -1.6849322242E-001
         6    -4.2138877962E-001
         7     3.2493141318E-002
         8     4.7219596832E-001
     2.8800000000E+005         288000
         1     1.9595347913E-001
         2     2.0282296587E-001
         3     1.1109613504E-001
         4     1.2120671082E-001
         5     2.5376336733E-002
         6    -5.3071989129E-001
         7    -3.2085019459E-001
         8     8.7240018651E-002
     2.9160000000E+005         291600
         1     2.7839562258E-001
         2     2.9741746210E-001
         3     2.2252453680E-001
         4     2.2386694920E-001
         5     1.8740450745E-001
         6    -9.6264779216E-002
         7    -5.4455125523E-001
         8    -2.3968896664E-001
     2.9520000000E+005         295200
         1     2.3402360964E-001
         2     2.5541515868E-001
         3     3.2462390354E-001
         4     3.4625315132E-001
         5     3.4036983587E-001
         6     2.5186780233E-001
         7    -2.3159178919E-001
         8    -4.7240694387E-001
     2.9880000000E+005         298800
         1     4.0901469601E-002
         2     8.5989349474E-002
         3     2.4065513210E-001
         4     4.6206602509E-001
         5     3.4798073851E-001
         6     4.3977608488E-001
         7     2.1691647359E-001
         8    -1.1144237039E-001
     3.0240000000E+005         302400
         1    -1.4024028545E-001
         2    -7.9978320025E-002
         3     7.7446472287E-002
         4     4.0389234475E-001
         5     2.1690468680E-001
         6     4.4087545178E-001
         7     4.8765003063E-001
         8     3.2649169016E-001
     3.0600000000E+005         306000
         1    -3.0695257542E-001
         2    -2.4018040093E-001
         3    -7.3022529906E-002
         4     2.5908898721E-001
         5     7.1946404317E-002
         6     2.4539681830E-001
         7     5.7432896491E-001
         8     5.7184917603E-001
     3.0960000000E+005         309600
         1    -4.0297389122E-001
         2    -3.4944901340E-001
         3    -2.1507897074E-001
         4     1.2104068887E-001
         5    -6.7676814329E-002
         6    -6.8749597080E-003
         7     3.8516300051E-001
         8     5.8896769031E-001
     3.1320000000E+005         313200
         1    -3.2080210557E-001
         2    -3.2445593953E-001
         3    -3.1890836682E-001
         4    -5.2836021971E-003
         5    -1.8888061768E-001
         6    -2.4530816111E-001
         7     6.7101121427E-002
         8     3.1968014218E-001
     3.1680000000E+005         316800
         1    -1.1454481418E-001
         2    -1.3711018047E-001
         3    -2.4047266824E-001
         4    -1.1297068990E-001
         5    -2.6844887260E-001
         6    -4.4550363977E-001
         7    -2.3296662894E-001
         8     2.0592280300E-002
     3.2040000000E+005         320400
         1     1.1048349658E-001
         2     8.0055834197E-002
         3    -8.3129214498E-002
         4    -1.9310196414E-001
         5    -1.6130742336E-001
         6    -5.6132283162E-001
         7    -4.8059557170E-001
         8    -2.4646714829E-001
     3.2400000000E+005         324000
         1     3.5591018976E-001
         2     3.1578213636E-001
         3     1.1447638986E-001
         4    -1.5020472776E-001
         5    -5.0022611700E-003
         6    -3.5638540920E-001
         7    -6.4135512131E-001
         8    -4.7502423510E-001
     3.2760000000E+005         327600
         1     6.1126157877E-001
         2     5.6213548977E-001
         3     3.5894463159E-001
         4    -8.6009103921E-003
         5     1.9975983101E-001
         6     2.8869845565E-002
         7    -5.0141423259E-001
         8    -6.3529198709E-001
     3.3120000000E+005         331200
         1     7.8698262045E-001
         2     7.5321287212E-001
         3     6.1686680556E-001
         4     1.9402942205E-001
         5     4.5817096321E-001
         6     3.5839483477E-001
         7    -4.0772638464E-002
         8    -4.2308921201E-001
     3.3480000000E+005         334800
         1     8.0613419794E-001
         2     7.9993602860E-001
         3     7.7929708806E-001
         4     4.3580388623E-001
         5     6.8773554062E-001
         6     6.7319696230E-001
         7     3.4497236192E-001
         8     4.6058863770E-002
     3.3840000000E+005         338400
         1     6.5911208161E-001
         2     6.7824158269E-001
         3     7.7719840670E-001
         4     6.6029731827E-001
         5     7.9511100165E-001
         6     9.2239771603E-001
         7     7.0000497846E-001
         8     4.4374264943E-001
     3.4200000000E+005         342000
         1     3.9184396216E-001
         2     4.2472665120E-001
         3     6.1872244358E-001
         4     7.9744777177E-001
         5     7.1362759210E-001
         6     1.0165155440E+000
         7     9.8010254641E-001
         8     7.9846883837E-001
     3.4560000000E+005         345600
         1     9.5964264797E-002
         2     1.4402507607E-001
         3     3.9103701096E-001
         4     7.3380636359E-001
         5     5.2944547733E-001
         6     8.2766718257E-001
         7     1.1253999570E+000
         8     1.0696949544E+000
